measure,beat,timestamp,img,labels
1,1,1.12,1,4
1,1,1.12,1,0
1,1,1.12,1,0
1,1,1.12,1,0
1,1,1.12,1,0
1,1,1.12,1,0
1,1,1.12,1,0
1,1,1.12,1,0
1,1,1.12,1,0
1,1,1.12,1,0
1,1,1.12,1,0
1,1,1.12,1,0
1,1,1.12,1,0
1,1,1.12,1,2
1,1,1.12,1,0
1,1,1.12,1,4
1,1,1.12,1,4
1,1,1.12,1,4
1,1,1.12,1,4
1,1,1.12,1,2
1,1,1.12,1,2
1,1,1.12,1,2
1,1,1.12,1,2
1,1,1.12,1,4
1,1,1.12,1,4
1,1,1.12,1,2
1,1,1.12,1,0
1,1,1.12,1,0
1,1,1.12,1,0
1,1,1.12,1,0
1,1,1.12,1,0
1,1,1.12,1,1
1,1,1.12,1,1
1,1,1.12,1,1
1,1,1.12,1,1
1,1,1.12,1,1
1,1,1.12,1,4
1,1,1.12,1,4
1,1,1.12,1,4
1,1,1.12,1,4
1,1,1.12,1,3
1,1,1.12,1,3
1,1,1.12,1,1
1,1,1.12,1,1
1,1,1.12,1,1
1,1,1.12,1,0
1,1,1.12,1,2
1,1,1.12,1,2
1,1,1.12,1,4
1,1,1.12,1,4
1,1,1.12,1,4
1,1,1.12,1,4
1,1,1.12,1,2
1,1,1.12,1,2
1,1,1.12,1,2
1,1,1.12,1,4
1,1,1.12,1,1
1,1,1.12,1,1
1,1,1.12,1,1
1,1,1.12,1,1
1,1,1.12,1,3
1,1,1.12,1,3
1,1,1.12,1,3
1,1,1.12,1,4
1,1,1.12,1,4
1,1,1.12,1,4
1,1,1.12,1,4
1,1,1.12,1,4
1,1,1.12,1,4
1,2,2.28,2,0
1,2,2.28,2,0
1,2,2.28,2,0
1,2,2.28,2,0
1,2,2.28,2,0
1,2,2.28,2,0
1,2,2.28,2,0
1,2,2.28,2,0
1,2,2.28,2,0
1,2,2.28,2,0
1,2,2.28,2,0
1,2,2.28,2,0
1,2,2.28,2,0
1,2,2.28,2,2
1,2,2.28,2,0
1,2,2.28,2,4
1,2,2.28,2,4
1,2,2.28,2,4
1,2,2.28,2,3
1,2,2.28,2,2
1,2,2.28,2,2
1,2,2.28,2,2
1,2,2.28,2,2
1,2,2.28,2,1
1,2,2.28,2,4
1,2,2.28,2,2
1,2,2.28,2,0
1,2,2.28,2,0
1,2,2.28,2,0
1,2,2.28,2,0
1,2,2.28,2,0
1,2,2.28,2,1
1,2,2.28,2,1
1,2,2.28,2,1
1,2,2.28,2,1
1,2,2.28,2,1
1,2,2.28,2,4
1,2,2.28,2,4
1,2,2.28,2,4
1,2,2.28,2,4
1,2,2.28,2,3
1,2,2.28,2,3
1,2,2.28,2,1
1,2,2.28,2,1
1,2,2.28,2,0
1,2,2.28,2,0
1,2,2.28,2,2
1,2,2.28,2,2
1,2,2.28,2,4
1,2,2.28,2,4
1,2,2.28,2,2
1,2,2.28,2,4
1,2,2.28,2,2
1,2,2.28,2,2
1,2,2.28,2,2
1,2,2.28,2,4
1,2,2.28,2,1
1,2,2.28,2,1
1,2,2.28,2,1
1,2,2.28,2,1
1,2,2.28,2,3
1,2,2.28,2,3
1,2,2.28,2,3
1,2,2.28,2,4
1,2,2.28,2,4
1,2,2.28,2,2
1,2,2.28,2,4
1,2,2.28,2,4
1,3,3.0,3,0
1,3,3.0,3,0
1,3,3.0,3,0
1,3,3.0,3,0
1,3,3.0,3,0
1,3,3.0,3,0
1,3,3.0,3,0
1,3,3.0,3,0
1,3,3.0,3,0
1,3,3.0,3,0
1,3,3.0,3,0
1,3,3.0,3,0
1,3,3.0,3,2
1,3,3.0,3,2
1,3,3.0,3,4
1,3,3.0,3,4
1,3,3.0,3,4
1,3,3.0,3,4
1,3,3.0,3,3
1,3,3.0,3,2
1,3,3.0,3,2
1,3,3.0,3,2
1,3,3.0,3,2
1,3,3.0,3,4
1,3,3.0,3,2
1,3,3.0,3,2
1,3,3.0,3,0
1,3,3.0,3,0
1,3,3.0,3,0
1,3,3.0,3,0
1,3,3.0,3,0
1,3,3.0,3,0
1,3,3.0,3,1
1,3,3.0,3,1
1,3,3.0,3,1
1,3,3.0,3,1
1,3,3.0,3,4
1,3,3.0,3,4
1,3,3.0,3,4
1,3,3.0,3,4
1,3,3.0,3,3
1,3,3.0,3,3
1,3,3.0,3,1
1,3,3.0,3,1
1,3,3.0,3,0
1,3,3.0,3,0
1,3,3.0,3,2
1,3,3.0,3,2
1,3,3.0,3,4
1,3,3.0,3,4
1,3,3.0,3,4
1,3,3.0,3,4
1,3,3.0,3,2
1,3,3.0,3,2
1,3,3.0,3,4
1,3,3.0,3,1
1,3,3.0,3,1
1,3,3.0,3,1
1,3,3.0,3,1
1,3,3.0,3,3
1,3,3.0,3,3
1,3,3.0,3,3
1,3,3.0,3,3
1,3,3.0,3,0
1,3,3.0,3,4
1,3,3.0,3,4
1,3,3.0,3,4
1,3,3.0,3,4
1,4,3.78,4,0
1,4,3.78,4,0
1,4,3.78,4,0
1,4,3.78,4,0
1,4,3.78,4,0
1,4,3.78,4,0
1,4,3.78,4,0
1,4,3.78,4,0
1,4,3.78,4,0
1,4,3.78,4,0
1,4,3.78,4,0
1,4,3.78,4,0
1,4,3.78,4,2
1,4,3.78,4,0
1,4,3.78,4,2
1,4,3.78,4,4
1,4,3.78,4,4
1,4,3.78,4,4
1,4,3.78,4,4
1,4,3.78,4,2
1,4,3.78,4,2
1,4,3.78,4,2
1,4,3.78,4,4
1,4,3.78,4,4
1,4,3.78,4,2
1,4,3.78,4,0
1,4,3.78,4,0
1,4,3.78,4,4
1,4,3.78,4,4
1,4,3.78,4,0
1,4,3.78,4,1
1,4,3.78,4,1
1,4,3.78,4,1
1,4,3.78,4,1
1,4,3.78,4,1
1,4,3.78,4,4
1,4,3.78,4,4
1,4,3.78,4,4
1,4,3.78,4,4
1,4,3.78,4,3
1,4,3.78,4,3
1,4,3.78,4,3
1,4,3.78,4,1
1,4,3.78,4,4
1,4,3.78,4,0
1,4,3.78,4,2
1,4,3.78,4,2
1,4,3.78,4,4
1,4,3.78,4,4
1,4,3.78,4,4
1,4,3.78,4,4
1,4,3.78,4,4
1,4,3.78,4,2
1,4,3.78,4,2
1,4,3.78,4,2
1,4,3.78,4,1
1,4,3.78,4,1
1,4,3.78,4,1
1,4,3.78,4,1
1,4,3.78,4,3
1,4,3.78,4,3
1,4,3.78,4,3
1,4,3.78,4,3
1,4,3.78,4,4
1,4,3.78,4,4
1,4,3.78,4,4
1,4,3.78,4,4
1,4,3.78,4,4
